2008
2817 8692
3763 5968
4752 7362
8170 8701
5949 7912
5640 5467
3624 9189
2797 2043
4781 2414
2557 6427
3395 8658
4404 1415
8435 5850
9306 8596
8298 4494
5257 3432
7116 8791
3352 9343
4592 6498
9405 8825
3549 3242
1730 5780
4721 7353
6526 3860
1265 5111
1221 9999
3037 2671
9077 2109
6746 1803
2219 2349
6035 2629
6603 4293
5231 7570
7594 5364
247 8509
1911 35
9664 9402
4977 1705
765 3987
3082 8368
17 6453
5794 1167
9995 9138
5901 8513
6101 4198
3277 3655
2370 7329
5082 5675
8998 175
97 397
5697 7990
4285 4087
6212 1311
8400 8930
4490 7250
2177 3738
3766 1348
1505 502
849 6404
3759 6258
6257 7418
2628 6478
9157 4495
6890 1152
6863 3712
6917 6085
16 5250
8130 2921
9177 2357
193 3048
5983 655
6766 6864
1962 3519
8382 3038
6258 5369
2250 6172
9672 98
2158 6971
6786 6951
4739 4410
7233 5808
977 5039
9526 148
2045 1159
2204 6121
5540 2809
3497 223
4421 8895
371 9160
2349 5774
7736 4619
9023 1404
2335 9305
7734 6928
289 3782
447 2557
3930 3749
1479 9264
1661 2165
6274 2248
8582 4187
7790 3772
3365 4438
8753 6032
8414 8936
5242 9388
4759 9405
584 55
1505 8564
854 5819
5268 4012
6767 6416
6188 5695
8729 2048
6587 847
8297 1922
1404 2274
1716 5900
9185 2826
3547 5262
2170 4514
9121 5395
9702 1860
6378 8554
3883 7359
6884 771
155 8904
1447 3455
3687 9703
8323 7656
3043 5475
578 8256
3787 9004
2412 2166
560 5197
3989 4921
3514 7968
7339 9573
632 5024
3790 5605
3424 4232
6468 4982
8880 5334
1430 7582
8163 9844
6097 8257
292 9512
7669 1466
5377 1666
8000 3968
4089 4236
6655 9599
1988 7637
1918 9518
3402 3424
5194 5905
7165 8827
6668 3319
8214 1736
4264 2626
9126 2652
1091 8997
1872 7818
6837 5491
2537 5464
1646 1617
8865 3311
684 2081
9915 4177
8626 5692
8683 1680
6287 8188
2248 4753
7981 2114
538 6228
5821 328
4392 4576
7504 640
237 7022
3868 5362
4771 6146
1523 834
4147 2258
9105 4178
4686 8345
2518 5242
5323 4264
608 3358
2942 2316
7837 470
6419 2388
239 2865
5699 7880
2173 8005
9758 3769
7837 251
1279 4711
3855 8986
4900 7296
1823 766
7043 6790
8414 5907
44 8497
1332 4719
2834 2437
9842 8574
4045 7650
1702 6582
1209 277
9014 4087
8103 1393
6193 4617
5397 9034
7772 1792
3181 4131
6399 3317
7369 307
5757 1625
1687 4378
9860 7973
8112 2571
4906 6173
6200 3943
7601 5744
4586 4452
7391 7466
7730 3550
4590 9570
1877 5071
5978 1771
5543 6651
5005 3890
585 520
7776 3194
5387 8484
4306 4834
8149 4067
1969 9125
2717 6284
6397 3498
3900 5548
3030 4238
2546 3219
4857 6056
7756 9805
8054 3845
7906 516
8857 3594
507 2230
9823 3404
4265 5074
1930 731
9701 918
8252 5622
9298 8691
5232 4654
7478 1859
5195 9278
5395 6451
9515 6325
7384 7974
5668 5159
3927 8976
1643 3024
1157 9361
2996 2124
6928 1609
1915 2832
1314 2912
777 4726
8463 1104
2412 8935
2008 9574
3908 1285
6295 6366
5863 6339
9237 2889
6820 8992
5620 6548
7116 2539
6637 5917
7675 2960
5724 1579
8073 3476
9001 5382
6965 6487
3576 8341
2800 6721
6372 2989
6314 3322
239 5554
7471 8433
2218 5232
544 7609
1532 5704
6568 6448
5231 8564
8470 4390
1062 6976
8295 8340
6509 6485
2149 623
7369 4859
7414 5955
1080 2896
2664 6081
6389 9040
3806 6044
7653 189
5360 5168
8570 2864
1110 5369
7338 7273
4646 1206
5194 345
2840 9966
2690 1758
1898 8672
3733 2716
2390 5745
1897 3386
9618 1896
4474 4696
6781 7894
3741 7703
5698 7223
4992 8873
6127 2441
7228 3824
6639 1942
7621 3256
1463 2263
940 396
3389 9284
4818 7738
2244 3078
7733 6464
7196 25
9136 7625
7290 5304
1071 1292
6650 3868
4121 1088
2596 5425
6020 2811
3022 6842
5309 9274
5760 419
5291 3339
106 4687
3487 7247
7905 1817
3469 2104
5094 1493
3466 1880
1992 2746
1997 9929
7489 414
6280 2680
9321 4214
4210 9342
6366 2721
4685 3473
4739 5096
8541 666
4543 901
9282 1857
6205 2618
854 5186
679 5352
9824 7630
3993 4504
5875 7045
4316 7076
1589 9621
1255 3300
2127 3596
6053 6957
5465 3733
3286 8286
441 897
3240 6944
3983 1554
7564 5506
7375 5062
2214 6779
2276 5615
6279 5422
6518 5115
5611 7787
1119 2686
2857 1609
317 126
7616 1318
8065 6451
9205 7211
879 6296
9063 686
9185 7726
9978 5162
7779 2401
2626 5866
2645 4159
6882 6974
6798 4957
6603 359
3531 6446
5198 7114
3015 6471
5968 9147
7724 3331
6987 2280
4325 5103
5247 8069
7724 6868
2328 4247
2213 1675
4850 1690
4941 4367
234 8974
5820 4251
4177 9349
5764 4685
9149 367
3331 2612
1078 119
2065 1988
3065 4608
8635 4748
5491 9908
9951 1393
2850 5868
687 1121
3012 3528
9926 6575
7431 5699
9151 3306
5949 6712
2753 6842
9545 2155
2291 3943
3971 4048
2934 8811
6435 6505
4180 7000
9572 1741
9675 9874
969 3092
9284 5078
7980 1093
7124 2472
3628 1675
6796 7807
8107 9268
8305 6774
8058 7933
3200 1642
1850 4400
5438 1030
2542 9243
7850 6862
446 1010
4254 7380
7786 3034
805 9204
6870 636
2310 3113
1274 8526
3079 1033
193 2738
6300 1747
3329 8926
9938 4799
978 8561
8949 3264
4980 6691
1177 1006
8562 4304
1110 2578
6459 2717
2452 1191
4491 3883
5730 1725
9197 6832
2845 5174
3877 4583
1996 8740
3436 1853
1258 6992
5481 1851
5592 6286
6234 390
2303 343
4323 4140
414 9932
402 1475
3094 7533
4891 5739
6930 2808
7587 7682
4018 2954
7556 1687
7276 1941
6325 1883
1416 7586
2872 5285
5339 6536
8140 8944
4033 1682
9671 4223
6654 6801
3130 3498
5614 6616
3751 3597
9120 1787
483 5340
2289 153
965 3851
8057 6854
1910 2644
7429 7262
5616 4931
8302 2878
9950 4314
1542 656
1504 4815
6362 4096
363 4611
8174 1021
3766 275
3989 1314
5721 3103
3421 1080
3002 7674
2049 8635
7188 5827
7686 6279
6081 9601
2360 5514
6948 8687
1578 7273
8783 5542
4463 5114
4759 298
2041 2975
6155 2372
9851 2925
5891 6661
6524 5161
2885 4045
3258 6531
1963 1793
5146 2365
1479 4813
6185 7058
4653 1091
6243 8461
707 7573
8841 6423
3786 4429
2069 8143
5008 3804
9299 1984
6943 1976
3401 9128
3038 5935
6613 2410
888 2321
3654 4797
4787 5600
7605 8967
3255 2556
7922 6602
7827 7261
194 8820
1904 8753
6534 5715
4960 3265
276 2893
3596 6881
6258 7978
9917 4113
2068 7242
1527 949
3644 1217
5509 4161
6645 7241
3608 9149
2284 6723
52 1794
1834 4201
1000 2732
2421 674
3226 8258
787 3435
4058 5177
1676 5767
5814 9208
3779 1003
6397 9725
7762 4460
847 5195
3825 9915
9778 1757
23 7353
4589 6831
4689 2241
8238 9663
2902 365
7761 6606
22 8736
4907 4003
3193 4432
8082 657
4029 2633
698 7166
7084 9823
132 3450
3344 1481
4983 929
7418 1803
3130 1110
1041 8299
8253 3834
98 3979
8732 8437
1065 7421
1257 5269
1662 5000
1483 6966
7948 5874
8110 1885
1694 1257
1125 4058
5725 4941
6997 822
5590 5357
276 9678
7661 6982
7142 1425
7173 5696
2072 8045
702 3436
9973 4289
4778 22
7263 8696
964 4702
5049 2535
5041 1976
1228 4272
3516 2234
8915 8968
6902 2267
7317 4024
8783 1407
3103 1188
7900 2377
965 29
5776 5986
5342 2223
4312 4315
2091 8087
4275 4158
8443 7651
7307 7121
4406 8617
9676 3966
7853 7428
442 5631
7508 5209
7186 2691
492 5085
9266 546
4670 1154
2391 4775
4482 2986
8338 9034
2505 9539
9141 8788
647 412
893 8194
5993 4602
5098 469
6715 1180
434 7945
2602 4840
7032 5900
3444 203
3046 370
8198 4283
7961 5048
7450 1589
6276 3716
9545 36
210 1333
1526 249
4599 8803
2807 613
2933 5606
9803 5852
442 44
259 6123
9352 8480
1601 5771
429 1856
4585 5506
8819 6978
3060 6841
9323 6121
8653 3826
2804 1214
4354 714
9238 6115
1232 3625
618 20
1887 1494
2256 6980
1794 7581
317 5828
7177 6050
1619 2737
4554 4886
1204 9380
3655 3848
3975 6100
9130 3653
7053 4498
9062 7829
4891 3920
1693 4375
4096 2871
5937 8223
5412 3031
8963 7310
5924 9276
2566 7687
9526 8697
1739 1417
4764 4026
8877 256
7099 5226
5354 9988
6878 5385
4378 8617
3968 9899
6279 3314
7370 4281
9375 5468
8366 7303
9607 5098
1158 1847
9895 5023
2003 7212
809 7531
6568 4189
6735 6082
9739 9933
7711 3385
3926 1108
6001 1411
6095 8078
7654 6386
5811 3666
3864 528
6815 977
2401 5795
3495 5702
716 5590
8163 6818
710 8536
2988 5417
9257 4696
5594 8886
2179 7891
9929 5088
8808 784
681 2925
2303 8589
6423 6182
1988 521
5372 7499
1658 4682
6727 137
5312 6543
9695 1859
1338 889
5307 2633
3117 2301
6127 7297
2032 8480
9254 5339
4379 3396
4318 7541
7864 7621
9076 2791
4940 368
7713 8551
1439 861
2524 4424
6930 4309
9268 3798
1172 3723
1344 8088
9753 556
912 8426
429 8740
5318 7573
2244 6355
2976 7069
6179 6712
3512 6975
9957 5656
2282 3303
8653 9743
8753 5890
4376 2800
9974 6310
2828 7313
910 9143
5672 8116
74 6173
4742 8811
8368 6586
4197 1429
2040 3010
2556 1478
9138 1050
6622 6011
1613 1908
4632 9263
6146 5857
5051 2539
7851 5573
62 7081
2810 4684
5746 9052
5389 5708
1040 5636
1752 2103
7530 873
5348 7671
6400 5263
8168 4265
5838 7816
3139 4014
5233 5877
1304 1137
2721 9867
6551 1643
411 1690
8 4404
8871 2586
9644 6296
9057 129
2154 5292
7547 8150
4565 9497
709 7399
7950 1872
8082 6689
7220 6789
9966 4914
9922 7632
1794 7734
7954 7051
6598 2572
7265 9265
9909 461
8367 9711
3915 5318
9375 6527
8752 8317
7063 1625
9370 8966
4623 94
7133 9298
40 4114
5686 9955
7237 2307
3830 6660
8680 8492
4851 223
2825 240
5494 331
9056 59
6825 2135
9501 8043
4476 2204
6585 3553
6284 465
2391 3061
7446 798
679 2847
5751 5753
1780 2628
1883 6254
9799 6533
3845 5774
5196 4472
6651 2622
4983 1471
7259 4609
260 6152
6767 1146
3244 2150
8794 1791
1434 2303
306 1166
609 4209
5222 3207
2152 6090
7532 9038
555 5982
2348 1810
8303 1113
456 6546
7876 8199
1117 3221
8428 5104
7841 7866
2187 168
4020 6966
4580 5089
3938 7264
2110 8724
2261 4946
6907 8559
1515 126
2820 6301
630 9870
2181 2936
378 7232
6984 2244
4044 9731
3777 4441
4856 6769
2613 5073
3603 807
5910 7970
2245 2425
4620 2791
5749 304
1381 5551
3070 5376
5522 1840
4012 7240
7160 465
2313 7843
4707 9938
8211 1601
1427 3147
8950 2924
4472 5458
4798 1000
6359 5010
5418 8973
8233 4466
1866 6756
1299 8299
2635 6670
9979 3110
988 3268
5305 6625
7734 1677
8326 435
9575 249
9952 3644
5523 7589
2408 7289
5199 4463
7361 2850
4767 509
2723 143
8221 121
8291 5697
5507 9008
6016 8551
5135 1765
7822 3412
8871 2382
20 3946
9737 3607
3441 4742
3991 9820
3677 7871
8444 9168
7368 57
1789 5185
4081 8653
27 7151
8031 3029
2363 6889
830 5573
6608 7098
2191 4751
5490 9581
1612 9937
7901 9819
9820 5113
1075 8279
8414 9419
4898 8780
514 5348
5213 9957
4819 2893
8915 9631
3404 3083
7575 5757
1323 689
3885 8790
5394 6020
1815 3980
1977 641
2453 7294
7428 4321
9435 7801
1271 7787
5479 8512
1471 4446
542 808
394 6038
4289 6928
4253 4190
6642 8555
3899 8981
2297 9261
963 8632
5712 8539
2173 7307
3771 3972
175 1995
2490 3089
6510 1192
1231 6607
6614 677
8605 3684
8694 1679
1574 2659
4673 8280
8946 5974
7299 2135
8664 2898
3869 935
4990 514
8952 4790
4290 5505
6702 5969
4246 7488
7080 1958
6132 5219
4416 5325
5490 1976
5982 5232
8791 7334
6769 1021
7138 7398
9700 4939
676 2928
1876 2239
3181 4037
9461 4006
2285 2805
5651 6635
1177 3786
2706 1308
2761 5875
7085 1747
1088 1178
7570 9252
3035 4049
7335 6132
3665 840
4264 3183
1258 7068
1068 3575
5418 7605
6371 5710
921 2505
1394 9713
324 3324
1624 4344
2225 1555
6907 1942
652 7818
6874 8688
4054 6014
1429 9537
9824 7860
5043 4447
2942 3434
555 27
3143 9315
6125 8635
2457 8375
5692 2312
2783 8769
444 2472
4132 9588
3566 7752
2459 5550
5290 4079
3896 2574
9500 4117
6212 5122
3581 3377
2143 213
6651 1458
9202 1516
6271 9204
8294 4285
6842 6672
9472 5388
4072 1992
7728 1761
5092 8514
494 2770
132 7551
4251 5951
6600 2296
8633 6128
326 3786
9419 4101
8848 7433
8737 3428
6427 8549
4667 8790
8040 4942
2061 5908
2923 9676
1727 3595
9980 4047
1922 2709
7008 1916
4621 2118
332 4961
812 2568
9295 4162
7446 9267
5460 7960
2094 8914
63 5960
7727 4275
3123 8415
2140 3031
1723 6785
8088 1799
6206 5906
6413 3960
9255 3750
8918 4618
6805 9347
9611 791
2289 3099
196 1853
9217 6157
2643 3520
9732 3639
2240 4627
2784 2331
9095 9429
8127 9231
974 628
5755 5067
1577 1756
716 9956
6124 7307
780 9461
4719 8562
6145 6434
9391 9538
9213 4322
6075 3981
5027 1521
6504 7933
9250 9262
9910 7402
330 3018
9696 5315
8032 3219
750 1872
8002 6586
6626 7244
9058 6524
4578 306
5033 9160
8373 3622
4838 6145
5264 8154
2443 5555
3304 8493
2876 4068
456 3552
5830 6089
8427 3415
7703 2021
2466 2999
5863 3642
4904 4326
8166 3267
3535 1727
366 6246
8873 5987
6703 1800
1818 3579
2057 7058
3982 8225
4764 3917
3303 5085
5157 3967
8925 9346
6300 8872
3695 9565
8605 2966
6957 2191
5937 9753
5165 6533
878 2621
5929 169
3982 4487
5503 9690
1240 2234
7862 4172
5120 3880
8310 5518
2068 6087
9381 7562
5782 9055
756 4595
3137 9722
9827 6294
6133 89
4197 6264
9157 3173
3613 6239
7472 4703
1462 8940
6972 4271
4914 2992
4246 361
2316 263
9875 8815
1236 5606
2035 4397
3774 7570
1311 7109
9354 8704
9104 8767
4382 4004
4924 5987
620 9247
8394 418
7805 790
3933 6720
4771 6916
6594 2916
4656 5255
2732 8
2975 2817
5173 6014
9946 3768
4899 4897
558 9335
9387 559
3060 5076
398 5820
722 6613
1711 7458
6342 1476
3680 9230
9173 4139
7933 4890
3208 6620
9862 5305
6665 4223
174 6727
4631 6706
9104 2226
2959 4258
9269 193
6154 4574
5831 8909
3658 6416
9570 8932
4306 72
6344 7741
6371 7862
6434 3930
3060 3645
8648 9186
5936 5393
3884 4553
3223 3339
1136 6457
6103 7850
7826 9068
4225 630
9157 7707
1255 7630
4879 5823
6424 2342
5696 6860
8895 3724
6841 2976
8251 3666
6621 3871
3442 7128
2726 8538
3499 3335
4082 1359
8268 5872
7110 4877
8269 5693
9252 1774
8148 4349
9623 7989
9499 3318
3209 4577
3923 1751
5752 8612
6906 5471
4647 3233
7878 1972
6320 5014
5959 268
1454 5333
1713 6662
3133 960
9625 3010
762 7599
9603 4354
4771 6130
4360 8999
8469 2221
8315 4722
1339 2537
8118 709
5107 9970
3231 5243
1083 8996
5922 5133
7804 7949
8857 2356
9717 4600
1232 4193
3968 353
486 8239
6358 409
8877 2211
6873 6436
3887 845
7599 4038
9967 9347
11 5750
8281 5198
3263 1270
7471 3220
2370 6998
2018 1776
8096 5005
7674 4893
8113 1914
7574 4609
958 6
8829 771
3776 4762
2196 8703
5676 200
3458 7905
7099 2900
6946 9264
8501 9291
9936 2266
7996 783
1415 4464
7627 2147
5669 464
5632 6129
3372 3336
1607 5022
1730 3712
576 8659
8054 7499
7440 7533
8568 2461
7042 1020
1678 1207
7360 5391
5579 8112
1086 8891
9052 3260
9024 4547
6279 430
4196 959
2379 5694
976 8108
8060 5138
9668 6471
140 7433
4794 8303
1060 4981
4185 2831
5806 1328
4291 7042
172 7672
9879 3249
9258 4025
7724 6888
4007 8975
6895 6289
7098 8947
3402 8830
396 7359
6223 5861
9481 2445
7478 730
2280 3146
5558 8585
3902 6430
5465 4401
7241 7456
4867 6703
9124 7965
6921 9271
3523 4303
6123 8683
4554 35
7921 7092
74 3841
5856 5819
234 4910
9794 5924
5075 6092
2788 2796
1107 2776
3417 1275
6341 5732
9729 592
944 9590
2102 3116
2769 1795
7660 4244
789 6958
8944 628
2190 1996
7180 6802
7606 8599
8931 3621
2075 1775
7233 4099
3531 1802
3883 9715
5083 3823
1311 5511
3587 2096
9405 9080
1806 5126
3151 5893
8073 8877
2500 1663
1648 1592
1905 718
9857 9344
4133 3906
3960 2958
7570 2565
627 8665
1695 9806
7199 6657
3196 8009
7017 6332
228 4303
5904 7318
5443 8687
1448 5830
1187 7295
9282 7300
5050 640
499 6654
1485 6799
6726 5414
4768 3023
5977 2904
4583 6017
9256 8423
8253 2655
9802 7639
9393 4995
7287 3576
525 7604
9992 5037
4733 9513
610 5379
9915 2219
5704 1432
4590 762
197 4448
4284 6370
1832 2964
7190 2748
78 7831
5330 9806
437 5057
7149 9563
9531 645
433 5615
1030 9046
5156 5086
9825 5002
4114 5797
6156 3785
7617 5192
9280 1402
1770 7278
9115 164
6264 2164
8056 9478
2955 4539
5001 5721
2089 7446
8546 1454
2045 9931
5483 4222
4179 0
495 7951
4121 792
7844 4710
5289 2342
3048 1657
4454 2181
7743 6701
6682 5929
1109 649
5312 7330
1987 5420
9785 877
7386 4105
810 6665
2482 1910
781 6792
3701 2660
8227 7643
667 301
1653 6105
2674 9715
6241 1758
9747 8908
8228 6071
2009 5941
7101 6492
5564 9925
4916 882
9084 1635
5881 6127
1372 8104
1649 416
9220 8882
802 1562
1379 5594
6531 7667
2243 6636
8261 7627
4160 2932
4824 8601
1286 2575
281 7134
7593 1067
739 9334
6402 2813
5375 1279
5185 1256
2997 7904
7561 7827
4006 6729
1512 9780
560 9715
3425 7256
6081 8409
2203 7764
7422 772
1087 6314
4720 4139
5367 4892
8210 2214
1179 294
16 8990
5337 9228
1507 7412
5717 7436
329 8339
4907 3118
3907 8201
1562 6767
4678 7876
4772 8536
678 8903
6769 211
9137 4618
6135 9489
6272 5769
7484 7160
9361 3348
9825 927
4927 5767
9451 4276
3592 250
7277 957
9368 4630
162 4992
9206 4967
8851 2951
2055 5643
4097 4887
1229 2484
7472 6307
7774 7637
8810 602
4414 1825
6301 7109
8437 4021
933 5855
1191 5263
8178 1699
4420 6072
8029 1149
1 8070
1150 5012
3683 675
3976 9868
8338 4504
5098 6999
9180 1451
4247 1448
669 1563
4580 1526
4110 1382
5495 9855
6398 3521
589 1918
6175 4245
1322 5027
4318 4606
8924 4562
1338 7211
2087 6755
4230 3274
603 1842
2863 6994
774 3269
4770 9775
5734 7299
7493 3860
9233 9999
4376 1341
6278 3231
600 5283
4753 1241
8700 5997
5923 7231
3751 4222
892 6384
4986 8742
9187 9591
739 4167
5309 7217
4263 7698
7595 7074
1511 5346
1712 1718
7160 2691
6800 5948
5177 3704
45 9220
8557 1664
9874 2928
6675 858
9333 5665
7578 2563
6842 9166
3512 3538
796 2629
321 8825
4506 3589
4595 1737
3862 9351
299 62
1993 7819
1365 9901
127 1646
6191 3051
989 5698
1484 3160
991 5432
7647 9037
8834 2798
1188 7772
6157 5692
6197 9440
2813 3924
5885 9617
4333 9631
1076 7995
9583 968
6787 2372
9540 602
1510 1933
7942 3805
4206 6064
9297 3855
6870 4124
1471 4000
324 680
1256 8752
7127 6595
105 3359
4783 5999
5531 5265
8123 3794
4466 1384
54 7727
2188 748
475 1942
9810 646
6384 2836
19 7560
385 9477
2255 8951
7789 5361
3990 5008
5054 9870
8725 5044
8913 7524
4278 9494
7602 64
2341 718
1752 5245
9763 42
6382 6527
6573 8855
8779 9212
270 130
2859 8813
7192 6807
4546 7423
9429 5530
4506 2041
1270 6885
9073 3367
51 5880
7588 3483
83 5431
4632 1226
2055 637
9517 541
3967 9801
309 7325
7768 9159
3166 3141
6395 5578
4052 5298
4385 840
2638 1899
7884 6110
4637 6134
396 3529
9448 9898
4969 5738
4860 6589
3464 8319
6352 4236
4015 2517
7495 4453
8766 4423
4897 5310
6526 4673
2955 7178
6254 6360
6353 1377
5120 2209
1598 7303
7253 4334
3196 5180
3882 1436
8516 1411
6811 2439
826 9839
5654 7169
869 2734
6455 6447
3946 6882
8130 8943
7802 4416
9998 2617
2992 2940
1750 1884
1853 9129
5989 6498
3345 8734
9069 8950
793 6711
7648 8321
4897 1534
6374 5326
5878 5668
5303 711
6984 3386
5457 9471
9225 4059
5517 1676
9197 1244
8064 1367
8476 7048
8973 1490
2025 8661
3425 5314
8994 5371
1492 3019
4901 8185
1047 1611
1525 7929
5889 9869
3961 4814
4237 4724
5081 9797
6607 1743
4993 5802
3418 5417
1928 4163
4645 2250
3755 2226
8155 6681
152 4809
5704 426
6185 4067
9879 6453
8854 7201
5176 4055
2885 5438
101 4405
2408 314
8475 5142
9733 5539
7011 5237
6039 8676
6062 7782
6499 3926
17 4399
3699 4172
3293 3828
9780 7775
7 8925
7364 9375
4053 4797
647 3344
3609 8909
1278 8284
373 4199
6835 2150
246 4451
119 8579
4260 9349
1305 6192
4461 9411
3660 5205
1022 9509
6397 7467
6497 6762
6447 4838
8647 5111
67 925
277 5017
5232 529
4660 3865
9906 9655
3575 9464
3891 9245
8357 1545
6231 5146
710 2577
576 5518
5286 1272
3968 5953
7355 3938
6281 4566
3 7280
168 8207
8397 5501
1646 9387
5696 2538
9405 9977
9667 6929
8443 931
8890 1108
9051 1711
765 8576
8573 7883
4157 5745
426 1935
5332 6941
1167 8424
791 5077
4676 6951
3148 1129
8814 7356
3156 9864
8226 2498
48 7354
9493 9358
543 2488
2629 5838
248 7964
9594 1383
516 1514
3490 3069
6639 6080
3220 6012
74 3102
2405 8050
7147 2541
3783 1335
8203 3959
7390 7940
5860 5869
944 4936
9820 6123
5207 8841
2602 4907
6021 1330
7068 5837
4675 5980
6418 2855
1080 1942
8741 3892
6807 5264
7730 5949
1137 3841
5193 2025
6926 8689
5223 4349
992 8470
606 8454
6160 5609
7969 7776
9967 5280
5682 8468
2295 5187
4051 642
1066 5098
4139 8759
8402 4544
3902 7964
517 64
1659 9485
6697 7664
6912 1179
1980 6782
8102 1494
2808 8080
5557 702
3077 1930
6931 5470
3757 3810
7618 3555
4834 3487
6403 710
9261 1574
4353 4026
5507 4965
1891 376
6935 8833
2127 4962
6900 238
9232 5479
9413 7210
8019 2952
5391 8182
8373 7791
4578 8857
3769 5695
7024 3701
2073 3367
742 254
3660 109
3406 450
1205 2844
8546 7830
6682 881
257 3660
5402 5125
1538 3116
5112 2620
7713 2332
4130 8905
5969 2824
5464 5491
5776 1762
4781 5119
1670 8267
2416 3064
8941 228
7382 5283
9829 7799
541 8500
3166 6169
9593 3214
4394 7313
6043 9922
5697 5254
1407 514
