9 10017 2086 29400 65683 98145 38485 59861 31905 99626 
55428 9881 94096 53745 88163 4396 95630 61313 70155 
70780 99770 85098 6695 35438 41706 36090 98316 81336 
52748 81319 71589 30820 35691 73120 41190 38527 4366 
94591 90382 47653 11518 31633 8080 84724 33912 88825 
53231 25860 86080 62776 74942 25428 94092 62099 43567 
47911 4686 81364 99461 72683 6971 63507 2675 92142 
389 89103 670 87623 35900 69060 16854 10285 90768 
78649 59633 75367 18972 9708 28040 36135 95500 50929 
25705 36752 60858 94565 96985 41884 19714 71958 16349 
44474 74238 33796 24347 72624 2244 38981 96386 59493 
61470 22894 52957 46741 40932 87576 78473 5076 50919 
98970 49781 35046 59069 44424 2744 67389 88229 12635 
29652 14835 7711 7098 65774 3389 1522 64136 5032 
70669 58868 42425 13547 76504 39493 28472 9950 72372 
10907 60007 3869 51846 6407 55499 45224 69179 89374 
69246 21944 51172 88943 24758 28906 13566 1920 21746 
63879 72899 80609 90970 11157 75397 31049 37807 33328 
26198 93707 12828 32463 23656 9945 74798 43533 10110 
7056 29699 94151 94159 87642 59701 97941 80832 85745 
13295 59248 29252 54515 3489 99743 11959 36194 31512 
26702 58563 48121 91466 29232 1041 68331 86053 17536 
66745 14677 77221 84051 55083 21049 11013 83836 4891 
87956 16744 43446 91252 85491 98768 24080 2192 31236 
95495 92650 85201 24233 3339 35442 98111 14145 75763 
61659 48284 49881 23641 45288 98348 88809 5542 41318 
26296 31171 85601 23358 34770 96594 83973 78312 15017 
34554 23053 15919 5431 38631 923 12345 10696 3106 
69264 78351 11931 60165 33003 65505 63140 47639 43584 
92230 37585 71299 17440 60699 99961 2539 67725 62219 
51930 19880 63875 40937 29433 74870 45433 48726 51616 
53120 177 52047 2988 60849 85439 50644 55261 60152 
74494 67850 70318 74001 52765 24304 30545 97217 4735 
80012 32602 87063 24067 45401 44326 17672 13065 83876 
61318 32548 25888 12796 28042 5727 90067 72108 5136 
74841 21848 35668 57115 49358 70902 93901 74395 43594 
8869 17559 2560 64804 31555 66378 29512 61324 11081 
50542 24913 2250 20299 38073 6692 34362 64494 32186 
50861 62440 14758 75385 23314 68508 94407 26427 97890 
64582 90025 25224 53457 86739 37662 97141 4264 7880 
89120 74571 1837 3649 47593 29418 74452 90719 58757 
31692 2675 28082 13790 49036 21830 76716 46270 29524 
30207 2820 21104 35754 37977 61044 33511 29711 29492 
86630 92755 70720 8863 68995 51245 60333 69391 3770 
46680 48278 20568 76909 77344 98769 85085 2856 59815 
53677 70611 31240 4084 54782 46671 98906 77805 223 
90269 38168 94359 42486 10376 91645 33448 89107 10162 
1787 49761 36107 3299 31138 19431 50595 50538 3072 
58784 3397 80152 81652 17032 91715 81428 37563 7895 
97255 25639 40209 56851 28545 4749 34635 53976 64138 
15626 54193 40793 62549 7014 99092 75306 47784 57386 
12198 52147 28178 28511 23656 76031 76937 27710 51895 
87061 30602 98484 85288 2925 22731 27424 41816 45734 
5691 18656 20787 19747 86004 8905 71047 29656 2987 
64815 71616 75435 93024 92080 12008 92163 69681 61988 
61414 5997 54168 62256 58914 87537 82329 3102 34831 
90874 31926 17001 81812 67202 90117 43066 14565 71960 
73209 72484 10143 18837 97116 26466 96631 97098 53167 
18850 91501 89322 6854 43970 69065 39711 11783 66896 
82211 29794 28941 2903 42980 61052 68780 33118 41436 
20603 18246 85323 61542 22053 49348 24141 51572 12878 
12196 88979 69876 6351 9450 69609 52213 43166 72723 
53302 96214 85129 23277 13232 45563 83777 65944 461 
26687 76977 22514 70610 94348 93111 72175 26302 35356 
83301 19549 17915 85586 1648 65217 55713 67106 18346 
61519 32420 824 85553 70598 84105 41034 77794 4982 
47661 36571 27556 95672 29697 4331 47333 97292 86896 
35567 31561 30751 51057 97449 73591 28396 72148 54036 
86570 12406 25342 56689 77945 24983 67961 56001 82828 
48403 53691 66469 72553 31721 8810 23078 54445 95913 
3982 22230 67561 88458 33571 2385 55152 67189 41093 
96629 19555 94172 53514 87283 27590 33880 4132 67734 
11287 11194 33971 74629 79443 26558 80498 79845 70765 
62303 3218 68099 32535 48562 60996 56698 53494 68896 
18591 74917 16259 89178 16221 46804 73004 3605 11200 
70314 77350 38764 3024 78101 8671 26484 52423 98933 
94937 17193 75550 88724 50864 72682 70780 2826 32182 
97741 94575 13438 15105 27253 59562 94442 70195 68060 
9565 40652 38831 59017 70792 82143 12736 70727 93642 
45004 17635 16590 99160 82468 64792 29407 59921 26087 
59883 86872 20211 40901 65446 23719 95371 7185 96749 
